Image: S53_1.jpg, Ground Truth: control_points_S53_1_2.txtHomologous Points:
[[ 965.  544.  980.  610.]
 [2173.  437. 2186.  550.]
 [1459. 2562. 1397. 2632.]
 [2313. 1771. 2275. 1883.]
 [ 514. 1342.  506. 1387.]
 [ 684. 2371.  632. 2414.]
 [2499. 1109. 2485. 1228.]
 [1901. 1931. 1852. 2030.]
 [1731.  701. 1735.  794.]
 [2188. 1804. 2144. 1916.]]------------------------------Image: S51_2.jpg, Ground Truth: control_points_S51_1_2.txtHomologous Points:
[[2467.  893. 2503.  947.]
 [ 580. 1932.  574. 1908.]
 [1642.  605. 1692.  626.]
 [ 445. 1137.  473. 1107.]
 [1185.  757. 1229.  758.]
 [1803. 2167. 1786. 2195.]
 [2065. 1788. 2064. 1826.]
 [1201. 2657. 1164. 2657.]
 [2491. 1309. 2509. 1365.]
 [1377. 1751. 1379. 1761.]]------------------------------Image: S06_1.jpg, Ground Truth: control_points_S06_1_2.txtHomologous Points:
[[ 602.  945.  629.  959.]
 [1921.  588. 1950.  604.]
 [1019. 2372. 1046. 2388.]
 [ 844. 1441.  873. 1457.]
 [ 404. 2037.  430. 2053.]
 [1881. 1287. 1912. 1304.]
 [1365. 2250. 1393. 2267.]
 [2252. 1718. 2281. 1733.]
 [ 791. 1657.  819. 1674.]
 [1437.  852. 1468.  867.]]------------------------------Image: P14_2.jpg, Ground Truth: control_points_P14_1_2.txtHomologous Points:
[[1565. 1692.  895. 2621.]
 [2197.  619. 1556. 1559.]
 [ 934.  581.  288. 1484.]
 [1733. 1307. 1051. 2266.]
 [2244. 1824. 1585. 2757.]
 [2476. 1300. 1835. 2250.]
 [1594.  356.  936. 1275.]
 [1406.  745.  735. 1691.]
 [1987.  932. 1316. 1899.]
 [1882. 1566. 1206. 2517.]]------------------------------Image: A10_1.jpg, Ground Truth: control_points_A10_1_2.txtHomologous Points:
[[ 289. 1350.  290. 1412.]
 [2227.  853. 2206.  883.]
 [1768. 2453. 1773. 2482.]
 [ 867.  484.  849.  540.]
 [1649.  446. 1626.  488.]
 [ 923. 2240.  931. 2281.]
 [ 885. 1373.  883. 1437.]
 [1960. 1940. 1954. 1971.]
 [2434. 1351. 2420. 1376.]
 [ 437. 2065.  446. 2115.]]------------------------------Image: S19_1.jpg, Ground Truth: control_points_S19_1_2.txtHomologous Points:
[[ 640.  624.  644.  615.]
 [1663.  306. 1666.  287.]
 [2345. 2274. 2364. 2253.]
 [ 737. 1553.  750. 1543.]
 [1098. 2655. 1118. 2644.]
 [1547.  861. 1555.  844.]
 [1401. 1801. 1416. 1785.]
 [2259. 1067. 2269. 1044.]
 [ 754. 2016.  770. 2007.]
 [ 844. 1164.  854. 1153.]]------------------------------Image: P35_2.jpg, Ground Truth: control_points_P35_1_2.txtHomologous Points:
[[ 417.  968. 1327. 1054.]
 [ 265. 1535. 1192. 1631.]
 [ 462. 2092. 1405. 2179.]
 [1116. 2367. 2053. 2417.]
 [1318.  668. 2211.  749.]
 [ 776. 1346. 1731. 1428.]
 [1324. 1632. 2268. 1689.]
 [1424.  872. 2327.  949.]
 [ 905. 1608. 1867. 1682.]
 [1418. 2355. 2343. 2392.]]------------------------------Image: S57_2.jpg, Ground Truth: control_points_S57_1_2.txtHomologous Points:
[[ 539.  744.  558.  770.]
 [ 568. 2219.  603. 2244.]
 [1470. 2564. 1509. 2578.]
 [2101.  508. 2117.  517.]
 [2350. 2125. 2383. 2129.]
 [1226.  628. 1245.  646.]
 [1416. 1853. 1449. 1869.]
 [2029. 1284. 2055. 1294.]
 [ 337. 1601.  366. 1628.]
 [1364. 1127. 1389. 1145.]]------------------------------Image: P44_1.jpg, Ground Truth: control_points_P44_1_2.txtHomologous Points:
[[2139.  518. 1408.  395.]
 [1073. 1411.  309. 1265.]
 [1679. 2321.  882. 2188.]
 [1638. 1602.  828. 1459.]
 [2048. 2537. 1276. 2425.]
 [1320.  916.  561.  782.]
 [2261.  967. 1495.  838.]
 [1266. 1829.  479. 1676.]
 [2081.  802. 1322.  674.]
 [2091. 2290. 1297. 2173.]]------------------------------Image: S20_1.jpg, Ground Truth: control_points_S20_1_2.txtHomologous Points:
[[ 637.  626.  648.  637.]
 [1679.  323. 1675.  327.]
 [2261. 1066. 2259. 1056.]
 [ 728. 1553.  748. 1553.]
 [1262. 2726. 1287. 2707.]
 [1401. 1800. 1418. 1790.]
 [2342. 2287. 2349. 2262.]
 [1546.  863. 1551.  862.]
 [ 752. 2016.  778. 2010.]
 [ 845. 1166.  860. 1170.]]------------------------------